40 100 300
11 34
5 18 L
29 39 U
27 39 U
2 38 L
0 21 U
29 18 U
31 37 D
16 37 L
24 20 R
20 19 L
16 37 D
35 33 U
1 34 L
32 27 L
13 6 L
34 0 L
17 19 R
3 24 L
19 33 U
32 33 L
6 6 D
0 21 L
9 26 R
24 38 R
14 35 U
23 18 R
9 19 L
9 25 U
12 6 D
25 15 U
26 29 U
11 5 R
13 10 L
8 8 U
14 37 U
11 2 U
26 34 L
15 20 R
34 17 R
21 28 U
36 14 L
7 29 U
26 25 L
39 2 L
30 22 R
20 4 L
4 39 D
12 31 R
39 30 U
3 34 D
0 12 R
27 19 R
20 5 U
7 39 U
2 10 R
35 21 L
28 16 L
37 3 R
26 36 R
4 28 U
36 24 D
17 11 R
4 9 R
21 10 R
1 6 U
3 35 R
36 12 D
18 38 R
9 18 U
27 4 U
37 32 U
6 6 R
29 7 R
29 32 L
19 34 U
1 37 L
20 30 R
5 10 R
1 10 U
19 21 L
18 2 U
2 4 R
11 25 R
10 22 U
29 26 R
6 23 U
38 4 U
16 35 R
37 8 L
35 27 D
33 10 L
32 27 R
8 29 U
8 32 U
23 12 D
8 7 L
14 14 U
39 5 L
33 9 D
30 31 U
29 1
13 27
7 8
29 24
16 2
23 1
16 20
12 2
21 34
3 38
2 24
14 28
9 30
4 4
14 1
20 26
29 28
13 19
10 25
29 15
15 14
24 27
39 23
17 16
2 8
32 3
30 4
10 32
0 38
34 15
0 26
24 32
39 36
22 23
36 1
19 13
25 21
7 3
29 27
19 20
13 31
39 0
23 10
10 19
11 10
37 6
33 29
9 31
34 33
2 14
25 39
24 16
35 39
30 20
15 31
21 39
26 13
39 8
32 12
26 21
1 5
24 4
22 35
36 27
21 35
11 22
27 30
5 22
9 20
17 31
26 24
13 13
12 3
25 22
22 11
20 34
31 16
14 25
27 37
1 7
33 26
11 8
18 9
30 6
32 31
4 27
31 13
33 22
14 9
14 27
22 16
10 35
12 34
34 18
7 21
30 7
23 8
0 35
20 15
15 32
20 22
2 0
29 25
16 26
31 11
7 13
0 0
15 13
15 15
8 21
39 39
36 39
3 26
37 7
10 29
0 13
10 11
37 24
12 27
23 31
28 26
18 14
38 32
7 34
4 7
8 18
36 33
39 31
39 38
16 5
17 14
32 36
17 26
15 4
9 16
3 31
29 16
19 16
8 10
20 1
10 21
7 12
10 8
17 29
3 13
37 16
17 23
28 33
6 30
3 30
17 37
12 33
21 0
34 29
35 38
13 37
10 28
27 28
33 37
32 29
15 2
33 8
37 36
6 11
30 17
16 22
10 36
24 28
12 29
26 32
5 9
0 17
23 4
34 13
0 5
2 19
31 29
38 15
31 10
25 10
22 26
21 5
20 29
14 8
24 7
29 20
26 19
5 2
1 13
25 8
34 7
33 6
13 20
38 37
6 8
23 3
2 15
14 31
22 22
0 15
33 23
9 9
13 33
5 32
28 24
2 39
27 1
35 22
28 2
17 28
19 28
20 0
9 4
13 29
13 16
3 27
39 11
28 38
24 13
16 9
35 10
3 4
21 38
11 24
23 0
13 24
39 19
24 15
22 20
36 19
13 2
19 4
37 1
21 30
37 17
39 37
13 1
7 32
6 38
28 11
20 28
39 18
39 27
10 24
16 39
35 24
21 29
12 13
29 9
0 3
9 5
29 14
14 17
21 15
38 30
10 23
26 16
36 7
12 1
0 36
18 22
3 14
30 35
31 6
19 8
2 30
6 17
19 2
2 17
23 33
19 35
16 18
12 4
15 23
6 27
11 13
23 19
2 3
4 24
5 23
37 0
27 16
13 14
0 16
18 28
4 37
6 39
23 6
21 8
24 24
21 11
15 37
36 18
10 15
22 34
1 33
7 20
20 25
36 20
11 9
