40 100 300
30 30
17 10 R
1 38 R
6 26 R
19 26 R
28 5 D
19 10 L
37 23 U
38 39 U
35 15 R
28 0 L
2 2 D
33 10 D
26 13 L
18 1 D
28 26 D
13 15 U
36 9 L
19 22 D
10 23 R
17 36 R
16 33 L
15 37 D
4 32 D
33 2 U
33 30 U
2 19 D
16 39 R
8 17 L
24 16 R
39 37 U
25 29 R
3 22 D
28 5 U
11 9 U
0 30 L
8 18 R
10 30 U
4 14 U
14 32 D
3 14 U
23 26 D
16 26 U
24 32 L
28 32 R
21 26 R
35 23 L
14 24 D
17 31 L
31 6 D
22 28 R
29 25 R
38 9 R
34 18 R
32 37 D
20 32 R
31 20 D
36 10 R
38 6 U
25 23 U
29 16 D
11 10 D
18 21 R
7 15 L
29 4 R
28 13 L
33 16 D
36 22 D
23 23 L
3 12 R
10 4 L
27 18 R
27 8 U
32 19 U
39 15 D
35 14 R
34 37 D
29 23 U
1 37 U
28 31 R
6 21 U
28 15 U
35 4 U
26 25 L
0 31 U
0 8 U
14 10 D
17 20 L
15 26 R
21 5 U
32 37 U
27 30 L
39 26 U
38 39 U
18 19 R
15 33 R
31 30 L
14 28 L
37 13 R
31 22 D
6 36 D
7 16
34 25
23 5
18 25
37 26
38 31
24 23
21 0
6 6
19 13
32 26
16 1
5 20
39 39
26 28
38 16
23 11
13 14
20 11
8 34
0 11
1 5
16 37
5 18
13 32
7 31
35 27
3 27
34 23
29 1
5 0
37 28
26 30
23 21
30 12
15 15
33 35
13 34
29 29
6 14
7 3
6 32
13 35
19 5
15 19
33 14
29 17
25 17
3 5
7 22
15 10
17 23
14 0
23 34
18 29
39 24
2 5
3 30
16 16
8 3
17 6
14 33
38 34
29 6
21 28
29 39
26 35
33 27
2 21
31 32
10 13
11 25
8 31
24 10
7 34
3 11
12 23
17 26
26 26
13 29
22 21
11 15
19 0
37 1
19 2
20 37
39 30
30 28
10 14
9 28
12 18
29 20
35 33
29 11
4 19
27 19
11 33
30 1
2 23
17 2
25 22
14 9
18 32
4 2
9 35
25 26
28 39
5 29
16 30
8 15
26 24
6 3
17 21
39 8
6 35
11 32
25 8
3 1
38 20
30 15
5 34
27 37
38 2
34 15
25 7
37 5
22 32
27 39
5 6
13 24
8 35
39 4
14 12
38 18
9 11
25 36
27 25
30 3
36 38
6 23
17 4
39 5
23 38
4 26
1 34
33 8
37 30
29 5
38 36
15 7
11 27
3 2
16 21
36 18
15 2
17 24
9 33
2 30
28 28
14 2
27 26
2 10
22 34
0 28
38 21
9 21
20 29
35 30
29 2
0 13
20 8
2 16
25 16
28 9
8 19
15 39
30 32
8 9
30 29
13 36
18 15
6 17
39 13
8 0
24 36
12 36
4 38
35 9
35 28
10 39
0 18
14 17
35 31
32 9
3 28
27 6
16 8
36 29
7 19
39 36
23 29
28 30
31 31
16 6
37 21
37 2
11 21
24 5
2 15
20 10
18 20
22 14
35 2
32 18
18 36
38 35
11 28
19 6
31 10
5 15
4 37
19 39
13 23
12 3
20 18
30 26
24 12
32 36
17 38
15 28
39 11
4 8
16 17
8 2
23 37
34 38
21 23
15 36
38 12
12 26
37 25
39 6
39 33
10 38
25 11
8 20
25 39
1 25
34 1
25 34
12 9
9 23
23 15
21 2
32 34
1 12
27 0
6 27
20 16
12 38
3 39
29 28
36 34
9 8
6 11
1 4
33 18
17 8
5 10
27 33
20 31
8 4
11 7
31 23
28 18
24 11
1 7
32 11
7 4
27 20
28 11
2 4
9 38
27 38
10 8
5 38
20 21
22 3
32 7
27 28
0 6
19 16
10 3
0 1
37 33
15 4
16 7
6 31
36 30
25 14
