40 100 300
32 8
35 38 L
3 39 D
24 32 U
32 7 D
7 17 L
10 24 U
31 6 R
1 33 U
4 25 U
0 16 R
22 38 R
15 16 R
22 5 D
29 0 U
2 3 D
29 38 L
22 7 L
13 20 R
27 32 L
38 29 R
22 22 L
11 25 R
23 12 L
2 15 U
33 17 R
29 26 L
1 30 R
19 37 U
26 12 U
26 32 D
21 37 D
31 25 U
37 16 U
29 19 R
25 18 R
5 35 L
7 30 U
13 32 D
7 16 D
29 26 U
29 32 L
1 29 U
2 19 R
10 6 D
0 13 L
12 2 L
13 10 D
7 21 L
3 2 L
28 37 D
11 0 D
36 19 U
10 37 L
4 25 R
30 3 U
11 11 R
22 11 L
25 31 R
22 24 R
17 22 R
7 21 L
6 20 R
15 0 U
7 0 U
8 17 U
23 2 R
30 28 U
1 14 U
25 30 R
30 3 L
31 24 D
30 3 D
1 18 L
0 29 L
8 12 R
37 4 L
1 37 R
15 16 R
24 8 R
19 24 U
8 1 R
23 14 R
37 21 L
0 35 U
39 15 U
10 10 U
23 13 D
23 24 R
27 9 D
34 3 R
11 28 L
5 5 L
33 39 U
39 32 D
0 34 L
13 35 U
7 36 D
22 0 D
18 24 R
12 8 L
10 13
28 10
22 19
35 3
19 1
8 20
30 13
25 8
0 8
39 29
22 6
12 0
3 29
25 6
38 13
9 21
15 14
35 31
19 14
25 17
2 37
11 32
6 23
39 33
11 4
22 37
18 36
9 13
15 33
10 16
4 1
15 17
26 14
4 22
20 37
17 39
6 32
10 9
24 21
11 30
18 17
22 39
12 1
33 34
15 30
9 36
30 27
28 38
12 26
14 10
20 10
13 0
32 37
32 1
15 22
17 20
30 36
1 12
31 14
0 5
25 37
2 7
27 14
25 23
11 19
24 10
32 27
37 37
37 30
38 11
33 21
20 11
18 6
9 37
29 8
16 2
17 27
31 15
6 39
29 13
10 25
25 35
31 2
13 31
29 29
32 13
35 17
20 4
35 7
30 4
11 7
16 15
3 19
29 18
2 9
7 2
7 10
6 11
0 15
10 31
22 4
26 1
8 29
26 39
33 22
23 7
24 39
33 3
37 25
8 24
13 39
39 36
0 30
1 0
4 20
23 28
4 0
3 34
10 33
32 35
1 25
35 29
27 10
4 8
38 25
24 38
22 29
15 18
20 30
1 23
17 15
19 31
11 14
27 22
7 11
16 39
33 2
32 9
8 36
32 18
6 9
3 21
18 39
26 5
23 38
20 6
3 18
31 10
20 3
34 35
19 6
9 28
4 19
38 8
35 37
25 39
20 7
5 11
34 28
30 2
12 23
9 31
6 33
28 1
24 25
25 29
18 35
19 28
33 19
21 6
20 17
8 31
5 9
22 16
36 21
35 22
20 26
25 24
32 2
8 33
15 34
31 37
17 36
28 34
0 24
18 23
38 16
27 21
26 13
21 32
13 33
1 9
9 25
14 9
28 25
8 7
17 38
34 26
29 34
18 8
34 38
12 32
1 8
6 24
17 2
26 3
38 35
36 17
37 7
20 19
14 0
21 22
32 34
29 25
38 20
35 4
6 13
36 37
30 9
11 33
36 25
18 30
20 31
21 31
23 0
8 10
8 28
17 24
23 8
37 26
27 1
10 15
1 32
36 13
20 39
6 35
16 18
7 4
39 39
18 38
29 6
6 10
1 22
4 15
31 28
39 24
12 21
21 19
9 18
20 13
35 9
30 32
13 14
8 13
5 16
35 36
6 14
15 32
19 8
32 4
35 16
12 17
23 29
1 11
0 10
15 4
9 14
32 14
22 2
9 22
36 6
11 16
17 12
6 25
36 16
20 25
17 29
19 32
17 23
15 37
9 38
26 24
10 38
2 22
25 15
21 20
25 9
20 15
20 22
5 34
4 38
19 22
22 33
22 26
37 0
39 34
2 10
23 39
39 20
22 32
